312 0.8571428571428571
68 0.85
280 0.85
117 0.8285714285714285
161 0.7928571428571429
201 0.7928571428571429
88 0.7857142857142857
211 0.7857142857142857
223 0.7785714285714287
7 0.7785714285714286
247 0.7785714285714285
118 0.7714285714285715
261 0.7714285714285715
262 0.7714285714285715
11 0.7714285714285714
35 0.7714285714285714
293 0.7714285714285714
338 0.7642857142857143
125 0.7642857142857142
146 0.7571428571428572
128 0.7571428571428571
234 0.7571428571428571
255 0.7571428571428571
368 0.7500000000000001
263 0.75
306 0.75
325 0.7499999999999999
380 0.742857142857143
65 0.7428571428571429
198 0.7428571428571429
218 0.7428571428571429
224 0.7428571428571429
270 0.7428571428571429
207 0.7357142857142859
28 0.7357142857142858
102 0.7357142857142858
110 0.7357142857142858
127 0.7357142857142858
237 0.7357142857142858
90 0.7357142857142857
114 0.7357142857142857
115 0.7357142857142857
355 0.7357142857142857
23 0.7285714285714286
281 0.7285714285714286
342 0.7285714285714286
157 0.7285714285714285
239 0.7285714285714285
25 0.7214285714285714
77 0.7214285714285714
94 0.7214285714285714
192 0.7214285714285714
308 0.7214285714285714
333 0.7214285714285714
2 0.7142857142857144
36 0.7142857142857143
82 0.7142857142857143
134 0.7142857142857143
242 0.7142857142857143
258 0.7142857142857143
289 0.7142857142857143
343 0.7142857142857143
222 0.7142857142857142
96 0.7071428571428572
243 0.7071428571428572
319 0.7071428571428572
348 0.7071428571428572
46 0.7071428571428571
166 0.7071428571428571
246 0.7071428571428571
43 0.7000000000000001
101 0.7000000000000001
170 0.7000000000000001
177 0.7000000000000001
228 0.7000000000000001
8 0.7
29 0.7
172 0.7
182 0.7
195 0.7
213 0.7
167 0.692857142857143
179 0.692857142857143
197 0.692857142857143
376 0.692857142857143
106 0.6928571428571428
206 0.6928571428571428
208 0.6928571428571428
250 0.6928571428571428
377 0.6928571428571428
159 0.6857142857142858
260 0.6857142857142858
269 0.6857142857142858
37 0.6857142857142857
47 0.6857142857142857
279 0.6857142857142857
311 0.6857142857142857
318 0.6857142857142857
361 0.6857142857142857
304 0.6857142857142856
95 0.6785714285714287
383 0.6785714285714287
91 0.6785714285714286
163 0.6785714285714286
178 0.6785714285714286
248 0.6785714285714286
371 0.6785714285714286
392 0.6785714285714286
54 0.6714285714285715
74 0.6714285714285715
266 0.6714285714285715
340 0.6714285714285715
349 0.6714285714285715
379 0.6714285714285715
225 0.6714285714285714
374 0.6714285714285714
44 0.6642857142857144
154 0.6642857142857144
356 0.6642857142857144
18 0.6642857142857143
69 0.6642857142857143
76 0.6642857142857143
351 0.6642857142857143
19 0.6571428571428573
123 0.6571428571428573
326 0.6571428571428573
6 0.6571428571428571
10 0.6571428571428571
31 0.6571428571428571
39 0.6571428571428571
150 0.6571428571428571
173 0.6571428571428571
220 0.6571428571428571
285 0.6571428571428571
354 0.6571428571428571
359 0.6571428571428571
85 0.6500000000000001
93 0.6500000000000001
131 0.6500000000000001
15 0.65
64 0.65
66 0.65
73 0.65
83 0.65
87 0.65
89 0.65
97 0.65
107 0.65
120 0.65
164 0.65
191 0.65
212 0.65
232 0.65
301 0.65
363 0.65
378 0.65
38 0.642857142857143
152 0.642857142857143
34 0.6428571428571429
160 0.6428571428571429
168 0.6428571428571429
185 0.6428571428571429
302 0.6428571428571429
303 0.6428571428571429
316 0.6428571428571429
320 0.6428571428571429
366 0.6428571428571429
384 0.6428571428571429
390 0.6428571428571429
84 0.6428571428571427
273 0.6428571428571427
382 0.6428571428571427
13 0.6357142857142858
14 0.6357142857142858
33 0.6357142857142858
55 0.6357142857142858
67 0.6357142857142858
194 0.6357142857142858
230 0.6357142857142858
254 0.6357142857142858
296 0.6357142857142858
300 0.6357142857142858
330 0.6357142857142858
399 0.6357142857142858
26 0.6357142857142856
244 0.6357142857142856
272 0.6357142857142856
49 0.6285714285714287
50 0.6285714285714287
139 0.6285714285714287
147 0.6285714285714287
183 0.6285714285714287
231 0.6285714285714287
276 0.6285714285714287
294 0.6285714285714287
317 0.6285714285714287
337 0.6285714285714287
365 0.6285714285714287
395 0.6285714285714287
1 0.6285714285714284
21 0.6285714285714284
48 0.6285714285714284
108 0.6285714285714284
124 0.6285714285714284
358 0.6285714285714284
62 0.6214285714285716
92 0.6214285714285716
216 0.6214285714285716
309 0.6214285714285716
362 0.6214285714285716
133 0.6214285714285713
153 0.6214285714285713
199 0.6214285714285713
282 0.6214285714285713
283 0.6214285714285713
344 0.6214285714285713
347 0.6214285714285713
375 0.6214285714285713
27 0.6142857142857144
176 0.6142857142857144
12 0.6142857142857142
16 0.6142857142857142
24 0.6142857142857142
58 0.6142857142857142
80 0.6142857142857142
135 0.6142857142857142
158 0.6142857142857142
165 0.6142857142857142
171 0.6142857142857142
200 0.6142857142857142
264 0.6142857142857142
292 0.6142857142857142
331 0.6142857142857142
334 0.6142857142857142
364 0.6142857142857142
17 0.6071428571428571
81 0.6071428571428571
99 0.6071428571428571
104 0.6071428571428571
113 0.6071428571428571
137 0.6071428571428571
143 0.6071428571428571
233 0.6071428571428571
339 0.6071428571428571
346 0.6071428571428571
393 0.6071428571428571
4 0.607142857142857
40 0.6
63 0.6
72 0.6
181 0.6
189 0.6
196 0.6
205 0.6
217 0.6
245 0.6
295 0.6
372 0.6
381 0.6
389 0.6
145 0.5999999999999999
30 0.5928571428571429
70 0.5928571428571429
79 0.5928571428571429
129 0.5928571428571429
142 0.5928571428571429
190 0.5928571428571429
385 0.5928571428571429
391 0.5928571428571429
0 0.5928571428571427
140 0.5928571428571427
144 0.5928571428571427
188 0.5928571428571427
215 0.5928571428571427
253 0.5928571428571427
396 0.5928571428571427
61 0.5857142857142857
130 0.5857142857142857
162 0.5857142857142857
180 0.5857142857142857
22 0.5857142857142856
42 0.5857142857142856
184 0.5857142857142856
221 0.5857142857142856
241 0.5857142857142856
257 0.5857142857142856
265 0.5857142857142856
57 0.5785714285714286
288 0.5785714285714286
52 0.5785714285714285
53 0.5785714285714285
116 0.5785714285714285
136 0.5785714285714285
138 0.5785714285714285
141 0.5785714285714285
202 0.5785714285714285
219 0.5785714285714285
271 0.5785714285714285
287 0.5785714285714285
314 0.5785714285714285
394 0.5785714285714285
75 0.5714285714285714
122 0.5714285714285714
149 0.5714285714285714
174 0.5714285714285714
227 0.5714285714285714
274 0.5714285714285714
290 0.5714285714285714
310 0.5714285714285714
322 0.5714285714285714
335 0.5714285714285714
341 0.5714285714285714
313 0.5642857142857144
9 0.5642857142857143
20 0.5642857142857143
59 0.5642857142857143
60 0.5642857142857143
71 0.5642857142857143
103 0.5642857142857143
119 0.5642857142857143
148 0.5642857142857143
226 0.5642857142857143
252 0.5642857142857143
259 0.5642857142857143
291 0.5642857142857143
315 0.5642857142857143
398 0.5642857142857143
203 0.5642857142857142
111 0.5571428571428572
112 0.5571428571428572
121 0.5571428571428572
186 0.5571428571428572
229 0.5571428571428572
267 0.5571428571428572
286 0.5571428571428572
323 0.5571428571428572
336 0.5571428571428572
5 0.557142857142857
78 0.55
235 0.55
278 0.55
299 0.55
352 0.55
305 0.5499999999999999
369 0.5499999999999999
32 0.5428571428571429
86 0.5428571428571429
109 0.5428571428571429
169 0.5428571428571429
298 0.5428571428571429
307 0.5428571428571429
329 0.5428571428571429
370 0.5428571428571429
41 0.5428571428571428
100 0.5428571428571428
210 0.5428571428571428
284 0.5428571428571428
321 0.5428571428571428
397 0.5428571428571428
193 0.5357142857142858
388 0.5357142857142858
155 0.5357142857142857
45 0.5285714285714286
98 0.5285714285714286
209 0.5285714285714286
249 0.5285714285714286
275 0.5285714285714286
327 0.5285714285714286
328 0.5285714285714286
353 0.5285714285714286
373 0.5285714285714286
3 0.5214285714285715
126 0.5214285714285715
238 0.5214285714285715
357 0.5214285714285715
297 0.5214285714285714
151 0.5142857142857143
214 0.5142857142857143
236 0.5071428571428572
256 0.5071428571428572
51 0.5071428571428571
204 0.5
251 0.5
268 0.5
332 0.5
350 0.5
360 0.5
367 0.5
386 0.5
105 0.4928571428571429
277 0.4928571428571429
387 0.4928571428571429
156 0.4785714285714286
175 0.4714285714285715
187 0.4714285714285715
324 0.4714285714285714
132 0.4642857142857143
345 0.45714285714285724
56 0.4357142857142858
240 0.3642857142857143
