242 0.8357142857142857
261 0.8285714285714286
223 0.8285714285714285
201 0.8214285714285715
117 0.807142857142857
7 0.7999999999999999
206 0.7999999999999999
23 0.7928571428571428
128 0.7928571428571427
123 0.7857142857142857
88 0.7785714285714286
239 0.7785714285714286
270 0.7785714285714286
125 0.7785714285714285
258 0.7714285714285715
218 0.7714285714285714
343 0.7714285714285714
146 0.7642857142857143
250 0.7642857142857142
293 0.7642857142857142
82 0.7571428571428571
234 0.7571428571428571
312 0.7571428571428571
6 0.757142857142857
25 0.75
28 0.75
247 0.75
110 0.7499999999999999
237 0.7499999999999999
289 0.7428571428571429
301 0.7428571428571429
96 0.7428571428571428
342 0.7357142857142858
255 0.7357142857142857
338 0.7357142857142857
11 0.7285714285714285
35 0.7285714285714285
46 0.7285714285714285
177 0.7285714285714285
263 0.7285714285714285
318 0.7285714285714285
368 0.7285714285714285
166 0.7214285714285715
333 0.7214285714285715
65 0.7214285714285714
90 0.7214285714285714
114 0.7214285714285714
120 0.7214285714285714
170 0.7214285714285714
198 0.7214285714285714
246 0.7214285714285714
118 0.7142857142857144
102 0.7142857142857143
134 0.7142857142857143
143 0.7142857142857143
172 0.7142857142857143
185 0.7142857142857143
211 0.7142857142857143
2 0.7071428571428572
8 0.7071428571428572
84 0.7071428571428572
106 0.7071428571428572
107 0.7071428571428572
308 0.7071428571428572
366 0.7071428571428571
14 0.7000000000000001
15 0.7000000000000001
167 0.7000000000000001
127 0.7
157 0.7
213 0.7
243 0.7
292 0.7
24 0.692857142857143
36 0.692857142857143
69 0.692857142857143
68 0.6928571428571428
195 0.6928571428571428
208 0.6928571428571428
39 0.6857142857142858
47 0.6857142857142858
74 0.6857142857142857
184 0.6857142857142857
224 0.6857142857142857
27 0.6785714285714287
207 0.6785714285714287
279 0.6785714285714287
135 0.6785714285714286
280 0.6785714285714286
299 0.6785714285714286
348 0.6785714285714286
376 0.6785714285714286
397 0.6785714285714286
300 0.6785714285714285
351 0.6714285714285716
44 0.6714285714285715
52 0.6714285714285715
54 0.6714285714285715
64 0.6714285714285715
375 0.6714285714285715
164 0.6714285714285714
254 0.6714285714285714
285 0.6714285714285714
355 0.6714285714285714
19 0.6642857142857144
124 0.6642857142857144
182 0.6642857142857144
221 0.6642857142857144
253 0.6642857142857144
281 0.6642857142857144
288 0.6642857142857144
392 0.6642857142857144
58 0.6642857142857143
163 0.6642857142857143
319 0.6642857142857143
320 0.6642857142857143
379 0.6642857142857143
57 0.6571428571428573
178 0.6571428571428573
222 0.6571428571428573
248 0.6571428571428573
260 0.6571428571428573
276 0.6571428571428573
326 0.6571428571428573
30 0.6571428571428571
62 0.6571428571428571
66 0.6571428571428571
77 0.6571428571428571
95 0.6571428571428571
197 0.6571428571428571
306 0.6571428571428571
31 0.6500000000000001
359 0.6500000000000001
93 0.65
101 0.65
153 0.65
190 0.65
310 0.65
339 0.65
384 0.65
87 0.6428571428571429
89 0.6428571428571429
91 0.6428571428571429
139 0.6428571428571429
140 0.6428571428571429
148 0.6428571428571429
154 0.6428571428571429
226 0.6428571428571429
316 0.6428571428571429
337 0.6428571428571429
391 0.6428571428571429
22 0.6357142857142858
53 0.6357142857142858
63 0.6357142857142858
67 0.6357142857142858
73 0.6357142857142858
130 0.6357142857142858
152 0.6357142857142858
173 0.6357142857142858
179 0.6357142857142858
225 0.6357142857142858
262 0.6357142857142858
361 0.6357142857142858
362 0.6357142857142858
374 0.6357142857142858
382 0.6357142857142858
9 0.6285714285714287
26 0.6285714285714287
43 0.6285714285714287
85 0.6285714285714287
100 0.6285714285714287
131 0.6285714285714287
174 0.6285714285714287
203 0.6285714285714287
227 0.6285714285714287
311 0.6285714285714287
363 0.6285714285714287
0 0.6285714285714284
196 0.6285714285714284
272 0.6285714285714284
296 0.6285714285714284
347 0.6285714285714284
37 0.6214285714285716
340 0.6214285714285716
49 0.6214285714285713
115 0.6214285714285713
119 0.6214285714285713
159 0.6214285714285713
283 0.6214285714285713
353 0.6214285714285713
358 0.6214285714285713
390 0.6214285714285713
113 0.6142857142857144
137 0.6142857142857144
151 0.6142857142857144
155 0.6142857142857144
5 0.6142857142857142
34 0.6142857142857142
76 0.6142857142857142
81 0.6142857142857142
144 0.6142857142857142
147 0.6142857142857142
192 0.6142857142857142
266 0.6142857142857142
377 0.6142857142857142
385 0.6142857142857142
396 0.6142857142857142
4 0.6071428571428571
94 0.6071428571428571
97 0.6071428571428571
245 0.6071428571428571
249 0.6071428571428571
264 0.6071428571428571
269 0.6071428571428571
284 0.6071428571428571
315 0.6071428571428571
367 0.6071428571428571
371 0.6071428571428571
395 0.6071428571428571
103 0.6
109 0.6
142 0.6
149 0.6
180 0.6
219 0.6
230 0.6
286 0.6
294 0.6
334 0.6
335 0.6
344 0.6
380 0.6
383 0.6
70 0.5999999999999999
99 0.5999999999999999
365 0.5999999999999999
29 0.5928571428571429
61 0.5928571428571429
71 0.5928571428571429
126 0.5928571428571429
138 0.5928571428571429
141 0.5928571428571429
150 0.5928571428571429
156 0.5928571428571429
168 0.5928571428571429
199 0.5928571428571429
202 0.5928571428571429
212 0.5928571428571429
231 0.5928571428571429
321 0.5928571428571429
352 0.5928571428571429
357 0.5928571428571429
370 0.5928571428571429
86 0.5928571428571427
325 0.5928571428571427
331 0.5928571428571427
50 0.5857142857142857
194 0.5857142857142857
304 0.5857142857142857
92 0.5857142857142856
161 0.5857142857142856
171 0.5857142857142856
176 0.5857142857142856
181 0.5857142857142856
189 0.5857142857142856
193 0.5857142857142856
233 0.5857142857142856
241 0.5857142857142856
282 0.5857142857142856
313 0.5857142857142856
133 0.5785714285714286
12 0.5785714285714285
104 0.5785714285714285
145 0.5785714285714285
162 0.5785714285714285
183 0.5785714285714285
205 0.5785714285714285
215 0.5785714285714285
257 0.5785714285714285
259 0.5785714285714285
287 0.5785714285714285
399 0.5785714285714285
60 0.5714285714285715
235 0.5714285714285715
17 0.5714285714285714
48 0.5714285714285714
55 0.5714285714285714
83 0.5714285714285714
111 0.5714285714285714
132 0.5714285714285714
200 0.5714285714285714
350 0.5714285714285714
386 0.5714285714285714
204 0.5642857142857144
13 0.5642857142857143
40 0.5642857142857143
108 0.5642857142857143
191 0.5642857142857143
217 0.5642857142857143
232 0.5642857142857143
303 0.5642857142857143
354 0.5642857142857143
381 0.5642857142857143
398 0.5642857142857143
188 0.5642857142857142
38 0.5571428571428572
42 0.5571428571428572
116 0.5571428571428572
136 0.5571428571428572
209 0.5571428571428572
267 0.5571428571428572
291 0.5571428571428572
330 0.5571428571428572
349 0.5571428571428572
369 0.5571428571428572
394 0.5571428571428572
268 0.557142857142857
75 0.55
98 0.55
228 0.55
229 0.55
252 0.55
277 0.55
309 0.55
356 0.55
364 0.55
271 0.5499999999999999
216 0.5428571428571429
273 0.5428571428571429
305 0.5428571428571429
372 0.5428571428571429
378 0.5428571428571429
388 0.5428571428571429
16 0.5428571428571428
41 0.5428571428571428
72 0.5428571428571428
129 0.5428571428571428
220 0.5428571428571428
314 0.5428571428571428
322 0.5428571428571428
32 0.5357142857142858
105 0.5357142857142858
186 0.5357142857142858
341 0.5357142857142858
1 0.5357142857142857
18 0.5357142857142857
21 0.5357142857142857
33 0.5357142857142857
78 0.5357142857142857
112 0.5357142857142857
160 0.5357142857142857
244 0.5357142857142857
265 0.5357142857142857
336 0.5357142857142857
121 0.5285714285714286
158 0.5285714285714286
238 0.5285714285714286
275 0.5285714285714286
295 0.5285714285714286
373 0.5285714285714286
10 0.5214285714285715
236 0.5214285714285715
256 0.5214285714285715
274 0.5214285714285715
297 0.5214285714285715
302 0.5214285714285715
317 0.5214285714285715
387 0.5214285714285715
393 0.5214285714285715
20 0.5142857142857143
59 0.5142857142857143
79 0.5142857142857143
298 0.5142857142857143
323 0.5142857142857143
324 0.5142857142857143
329 0.5142857142857143
389 0.5142857142857143
307 0.5142857142857142
360 0.5142857142857142
346 0.5071428571428571
122 0.5000000000000001
214 0.5000000000000001
80 0.5
169 0.5
51 0.49285714285714294
175 0.4928571428571429
290 0.4928571428571428
3 0.48571428571428577
56 0.48571428571428577
187 0.47857142857142865
332 0.4785714285714286
327 0.47857142857142854
328 0.4714285714285714
210 0.4642857142857143
165 0.4571428571428572
251 0.4571428571428572
278 0.45000000000000007
345 0.45000000000000007
45 0.4142857142857142
240 0.39285714285714285
