7 0.8857142857142856
68 0.8428571428571429
88 0.8357142857142856
342 0.8214285714285715
261 0.8142857142857143
333 0.8142857142857143
376 0.8142857142857143
117 0.807142857142857
368 0.7999999999999999
118 0.7928571428571428
120 0.7928571428571428
223 0.7928571428571428
247 0.7928571428571428
35 0.7857142857142857
125 0.7857142857142857
224 0.7857142857142857
355 0.7857142857142856
201 0.7785714285714286
270 0.7785714285714286
182 0.7714285714285715
74 0.7714285714285714
65 0.7571428571428572
134 0.7571428571428572
250 0.7571428571428572
28 0.7571428571428571
82 0.75
123 0.75
157 0.75
183 0.75
218 0.75
11 0.7499999999999999
206 0.7499999999999999
23 0.7428571428571429
198 0.7428571428571429
263 0.7428571428571428
170 0.7357142857142857
242 0.7357142857142857
255 0.7357142857142857
260 0.7285714285714286
46 0.7285714285714285
110 0.7285714285714285
127 0.7285714285714285
177 0.7285714285714285
279 0.7285714285714285
293 0.7285714285714285
343 0.7285714285714285
102 0.7214285714285714
382 0.7142857142857144
19 0.7142857142857143
93 0.7142857142857143
114 0.7142857142857143
150 0.7142857142857143
246 0.7142857142857143
311 0.7142857142857143
237 0.7142857142857142
375 0.7071428571428573
171 0.7071428571428572
216 0.7071428571428572
331 0.7071428571428572
24 0.7071428571428571
26 0.7000000000000001
36 0.7000000000000001
38 0.7000000000000001
119 0.7000000000000001
135 0.7000000000000001
144 0.7000000000000001
227 0.7000000000000001
351 0.7000000000000001
258 0.7
8 0.692857142857143
77 0.692857142857143
85 0.692857142857143
95 0.692857142857143
142 0.692857142857143
326 0.692857142857143
366 0.692857142857143
395 0.692857142857143
25 0.6928571428571428
90 0.6928571428571428
211 0.6928571428571428
243 0.6928571428571428
319 0.6928571428571428
338 0.6928571428571428
212 0.6928571428571427
29 0.6857142857142858
276 0.6857142857142858
308 0.6857142857142858
348 0.6857142857142858
27 0.6857142857142857
81 0.6785714285714286
159 0.6785714285714286
164 0.6785714285714286
219 0.6785714285714286
312 0.6785714285714286
361 0.6785714285714286
154 0.6785714285714285
207 0.6785714285714285
226 0.6785714285714285
14 0.6714285714285715
31 0.6714285714285715
64 0.6714285714285715
67 0.6714285714285715
96 0.6714285714285715
128 0.6714285714285715
146 0.6714285714285715
148 0.6714285714285715
162 0.6714285714285715
167 0.6714285714285715
173 0.6714285714285715
196 0.6714285714285715
213 0.6714285714285715
325 0.6714285714285715
392 0.6714285714285715
163 0.6714285714285714
76 0.6642857142857144
149 0.6642857142857144
161 0.6642857142857144
222 0.6642857142857144
225 0.6642857142857144
233 0.6642857142857144
239 0.6642857142857144
289 0.6642857142857144
306 0.6642857142857144
340 0.6642857142857144
349 0.6642857142857144
380 0.6642857142857144
168 0.6642857142857143
254 0.6642857142857143
301 0.6642857142857143
94 0.6571428571428573
262 0.6571428571428573
285 0.6571428571428573
359 0.6571428571428573
374 0.6571428571428573
57 0.6571428571428571
116 0.6571428571428571
208 0.6571428571428571
266 0.6571428571428571
316 0.6571428571428571
2 0.6500000000000001
54 0.6500000000000001
108 0.6500000000000001
47 0.65
50 0.65
58 0.65
84 0.65
92 0.65
178 0.65
179 0.65
186 0.65
197 0.65
228 0.65
232 0.65
280 0.65
282 0.65
287 0.65
347 0.65
372 0.65
15 0.6428571428571429
79 0.6428571428571429
89 0.6428571428571429
111 0.6428571428571429
133 0.6428571428571429
172 0.6428571428571429
180 0.6428571428571429
181 0.6428571428571429
195 0.6428571428571429
202 0.6428571428571429
292 0.6428571428571429
296 0.6428571428571429
313 0.6428571428571429
334 0.6428571428571429
62 0.6357142857142858
69 0.6357142857142858
91 0.6357142857142858
101 0.6357142857142858
113 0.6357142857142858
192 0.6357142857142858
299 0.6357142857142858
318 0.6357142857142858
385 0.6357142857142858
188 0.6357142857142856
249 0.6357142857142856
9 0.6285714285714287
145 0.6285714285714287
147 0.6285714285714287
166 0.6285714285714287
281 0.6285714285714287
284 0.6285714285714287
294 0.6285714285714287
304 0.6285714285714287
383 0.6285714285714287
391 0.6285714285714287
37 0.6285714285714284
55 0.6285714285714284
66 0.6285714285714284
78 0.6285714285714284
155 0.6285714285714284
169 0.6285714285714284
176 0.6285714285714284
272 0.6285714285714284
320 0.6285714285714284
32 0.6214285714285716
43 0.6214285714285716
190 0.6214285714285716
234 0.6214285714285716
48 0.6214285714285713
106 0.6214285714285713
112 0.6214285714285713
352 0.6214285714285713
371 0.6214285714285713
393 0.6214285714285713
269 0.6142857142857144
302 0.6142857142857144
315 0.6142857142857144
381 0.6142857142857144
73 0.6142857142857142
115 0.6142857142857142
215 0.6142857142857142
248 0.6142857142857142
264 0.6142857142857142
321 0.6142857142857142
344 0.6142857142857142
288 0.6071428571428573
52 0.6071428571428571
139 0.6071428571428571
153 0.6071428571428571
199 0.6071428571428571
220 0.6071428571428571
241 0.6071428571428571
244 0.6071428571428571
314 0.6071428571428571
317 0.6071428571428571
397 0.6071428571428571
399 0.6071428571428571
39 0.6000000000000002
4 0.6
49 0.6
97 0.6
131 0.6
152 0.6
256 0.6
300 0.6
330 0.6
335 0.6
356 0.6
370 0.6
378 0.6
83 0.5999999999999999
99 0.5999999999999999
137 0.5999999999999999
329 0.5999999999999999
341 0.5999999999999999
21 0.5928571428571429
30 0.5928571428571429
40 0.5928571428571429
80 0.5928571428571429
184 0.5928571428571429
203 0.5928571428571429
204 0.5928571428571429
257 0.5928571428571429
303 0.5928571428571429
309 0.5928571428571429
390 0.5928571428571429
194 0.5928571428571427
205 0.5928571428571427
231 0.5928571428571427
16 0.5857142857142857
185 0.5857142857142857
193 0.5857142857142857
200 0.5857142857142857
238 0.5857142857142857
373 0.5857142857142857
1 0.5857142857142856
6 0.5857142857142856
34 0.5857142857142856
87 0.5857142857142856
151 0.5857142857142856
339 0.5857142857142856
379 0.5857142857142856
42 0.5785714285714286
253 0.5785714285714286
12 0.5785714285714285
60 0.5785714285714285
104 0.5785714285714285
109 0.5785714285714285
230 0.5785714285714285
235 0.5785714285714285
274 0.5785714285714285
277 0.5785714285714285
298 0.5785714285714285
327 0.5785714285714285
357 0.5785714285714285
389 0.5785714285714285
398 0.5785714285714285
22 0.5714285714285714
53 0.5714285714285714
107 0.5714285714285714
136 0.5714285714285714
141 0.5714285714285714
143 0.5714285714285714
174 0.5714285714285714
189 0.5714285714285714
191 0.5714285714285714
245 0.5714285714285714
271 0.5714285714285714
286 0.5714285714285714
328 0.5714285714285714
353 0.5714285714285714
364 0.5714285714285714
377 0.5714285714285714
283 0.5642857142857144
0 0.5642857142857143
17 0.5642857142857143
44 0.5642857142857143
63 0.5642857142857143
71 0.5642857142857143
124 0.5642857142857143
360 0.5642857142857143
369 0.5642857142857143
121 0.5571428571428572
126 0.5571428571428572
130 0.5571428571428572
265 0.5571428571428572
267 0.5571428571428572
291 0.5571428571428572
310 0.5571428571428572
337 0.5571428571428572
346 0.5571428571428572
363 0.5571428571428572
387 0.5571428571428572
388 0.5571428571428572
41 0.557142857142857
290 0.557142857142857
45 0.55
75 0.55
100 0.55
158 0.55
160 0.55
72 0.5499999999999999
98 0.5499999999999999
259 0.5499999999999999
365 0.5499999999999999
384 0.5499999999999999
396 0.5499999999999999
165 0.5428571428571429
273 0.5428571428571429
336 0.5428571428571429
358 0.5428571428571429
70 0.5428571428571428
132 0.5428571428571428
140 0.5428571428571428
394 0.5357142857142858
3 0.5357142857142857
129 0.5357142857142857
367 0.5357142857142857
386 0.5357142857142857
5 0.5285714285714287
13 0.5285714285714287
61 0.5285714285714287
10 0.5285714285714286
51 0.5285714285714286
59 0.5285714285714286
105 0.5285714285714286
305 0.5285714285714286
323 0.5285714285714286
350 0.5285714285714285
122 0.5214285714285715
209 0.5214285714285715
217 0.5214285714285715
236 0.5214285714285715
103 0.5214285714285714
20 0.5142857142857143
156 0.5142857142857143
221 0.5142857142857143
297 0.5142857142857143
18 0.5071428571428572
278 0.5071428571428572
322 0.5071428571428572
275 0.5071428571428571
324 0.5000000000000001
175 0.5
268 0.5
332 0.5
33 0.4928571428571429
252 0.4928571428571429
295 0.4928571428571429
214 0.4928571428571428
86 0.48571428571428577
354 0.48571428571428577
210 0.4857142857142857
362 0.4857142857142857
251 0.48571428571428565
187 0.47857142857142865
138 0.4714285714285715
229 0.4714285714285714
307 0.4714285714285714
240 0.45714285714285724
56 0.45000000000000007
345 0.4214285714285714
