261 0.8857142857142856
117 0.8357142857142857
7 0.8285714285714286
88 0.7999999999999999
208 0.7928571428571429
338 0.7928571428571428
23 0.7857142857142857
120 0.7857142857142857
125 0.7857142857142857
246 0.7857142857142857
247 0.7857142857142857
270 0.7857142857142857
46 0.7785714285714285
118 0.7785714285714285
224 0.7785714285714285
146 0.7714285714285715
201 0.7714285714285715
263 0.7714285714285715
65 0.7714285714285714
82 0.7714285714285714
206 0.7714285714285714
333 0.7571428571428572
170 0.7571428571428571
368 0.7571428571428571
134 0.75
319 0.75
36 0.742857142857143
35 0.7428571428571429
68 0.7428571428571429
110 0.7428571428571429
234 0.7428571428571429
11 0.7428571428571428
87 0.7428571428571428
57 0.7357142857142858
293 0.7357142857142858
207 0.7357142857142857
218 0.7357142857142857
223 0.7357142857142857
196 0.7285714285714286
159 0.7285714285714285
163 0.7285714285714285
255 0.7285714285714285
127 0.7214285714285715
19 0.7214285714285714
144 0.7214285714285714
198 0.7214285714285714
289 0.7214285714285714
2 0.7142857142857143
115 0.7142857142857143
128 0.7142857142857143
131 0.7142857142857143
157 0.7142857142857143
308 0.7142857142857143
351 0.7142857142857143
58 0.7142857142857142
72 0.7142857142857142
376 0.7142857142857142
74 0.7071428571428573
231 0.7071428571428572
280 0.7071428571428572
141 0.7071428571428571
142 0.7071428571428571
27 0.7000000000000001
66 0.7000000000000001
94 0.7000000000000001
272 0.7000000000000001
316 0.7000000000000001
6 0.7
237 0.7
306 0.7
312 0.7
14 0.692857142857143
28 0.692857142857143
102 0.692857142857143
266 0.692857142857143
25 0.6928571428571428
89 0.6928571428571428
116 0.6928571428571428
184 0.6928571428571428
242 0.6928571428571428
90 0.6857142857142858
279 0.6857142857142858
396 0.6857142857142858
15 0.6857142857142857
77 0.6857142857142857
96 0.6857142857142857
136 0.6857142857142857
211 0.6857142857142857
239 0.6857142857142857
374 0.6785714285714287
64 0.6785714285714286
114 0.6785714285714286
167 0.6785714285714286
173 0.6785714285714286
320 0.6785714285714286
358 0.6785714285714286
379 0.6785714285714286
258 0.6785714285714285
39 0.6714285714285715
161 0.6714285714285715
177 0.6714285714285715
197 0.6714285714285715
225 0.6714285714285715
250 0.6714285714285715
302 0.6714285714285715
313 0.6714285714285715
385 0.6714285714285715
325 0.6714285714285714
343 0.6714285714285714
44 0.6642857142857144
162 0.6642857142857144
182 0.6642857142857144
213 0.6642857142857144
232 0.6642857142857144
253 0.6642857142857144
260 0.6642857142857144
81 0.6642857142857143
331 0.6642857142857143
53 0.6571428571428573
95 0.6571428571428573
172 0.6571428571428573
355 0.6571428571428573
123 0.6571428571428571
150 0.6571428571428571
176 0.6571428571428571
227 0.6571428571428571
342 0.6571428571428571
391 0.6571428571428571
243 0.6500000000000001
269 0.6500000000000001
344 0.6500000000000001
347 0.6500000000000001
101 0.65
143 0.65
147 0.65
152 0.65
254 0.65
326 0.65
371 0.65
382 0.65
276 0.642857142857143
24 0.6428571428571429
29 0.6428571428571429
43 0.6428571428571429
48 0.6428571428571429
55 0.6428571428571429
69 0.6428571428571429
73 0.6428571428571429
78 0.6428571428571429
83 0.6428571428571429
84 0.6428571428571429
85 0.6428571428571429
91 0.6428571428571429
139 0.6428571428571429
233 0.6428571428571429
282 0.6428571428571429
288 0.6428571428571429
335 0.6428571428571429
339 0.6428571428571429
340 0.6428571428571429
370 0.6428571428571429
372 0.6428571428571429
380 0.6428571428571429
395 0.6428571428571429
226 0.6357142857142858
281 0.6357142857142858
300 0.6357142857142858
349 0.6357142857142858
93 0.6357142857142856
390 0.6357142857142856
10 0.6285714285714287
50 0.6285714285714287
54 0.6285714285714287
168 0.6285714285714287
179 0.6285714285714287
190 0.6285714285714287
195 0.6285714285714287
309 0.6285714285714287
330 0.6285714285714287
245 0.6285714285714284
8 0.6214285714285716
70 0.6214285714285716
241 0.6214285714285716
311 0.6214285714285716
341 0.6214285714285716
352 0.6214285714285716
356 0.6214285714285716
362 0.6214285714285716
392 0.6214285714285716
37 0.6214285714285713
183 0.6214285714285713
191 0.6214285714285713
262 0.6214285714285713
336 0.6214285714285713
348 0.6214285714285713
361 0.6214285714285713
366 0.6214285714285713
383 0.6214285714285713
47 0.6142857142857144
135 0.6142857142857144
219 0.6142857142857144
17 0.6142857142857142
32 0.6142857142857142
140 0.6142857142857142
155 0.6142857142857142
199 0.6142857142857142
264 0.6142857142857142
285 0.6142857142857142
334 0.6142857142857142
359 0.6142857142857142
373 0.6142857142857142
377 0.6142857142857142
92 0.6071428571428573
124 0.6071428571428573
203 0.6071428571428573
1 0.6071428571428571
67 0.6071428571428571
99 0.6071428571428571
108 0.6071428571428571
119 0.6071428571428571
154 0.6071428571428571
192 0.6071428571428571
212 0.6071428571428571
318 0.6071428571428571
375 0.6071428571428571
350 0.607142857142857
26 0.6
49 0.6
97 0.6
158 0.6
284 0.6
360 0.6
393 0.6
76 0.5999999999999999
304 0.5999999999999999
38 0.5928571428571429
71 0.5928571428571429
75 0.5928571428571429
216 0.5928571428571429
238 0.5928571428571429
271 0.5928571428571429
277 0.5928571428571429
295 0.5928571428571429
297 0.5928571428571429
364 0.5928571428571429
367 0.5928571428571429
164 0.5928571428571427
178 0.5928571428571427
296 0.5928571428571427
298 0.5928571428571427
301 0.5928571428571427
9 0.5857142857142857
40 0.5857142857142857
86 0.5857142857142857
160 0.5857142857142857
230 0.5857142857142857
292 0.5857142857142857
294 0.5857142857142857
21 0.5857142857142856
100 0.5857142857142856
113 0.5857142857142856
130 0.5857142857142856
148 0.5857142857142856
188 0.5857142857142856
204 0.5857142857142856
248 0.5857142857142856
365 0.5857142857142856
0 0.5785714285714286
321 0.5785714285714286
34 0.5785714285714285
151 0.5785714285714285
200 0.5785714285714285
209 0.5785714285714285
228 0.5785714285714285
257 0.5785714285714285
22 0.5714285714285714
31 0.5714285714285714
51 0.5714285714285714
62 0.5714285714285714
106 0.5714285714285714
107 0.5714285714285714
126 0.5714285714285714
137 0.5714285714285714
145 0.5714285714285714
153 0.5714285714285714
171 0.5714285714285714
175 0.5714285714285714
189 0.5714285714285714
194 0.5714285714285714
244 0.5714285714285714
273 0.5714285714285714
378 0.5714285714285714
193 0.5642857142857144
30 0.5642857142857143
60 0.5642857142857143
63 0.5642857142857143
112 0.5642857142857143
133 0.5642857142857143
138 0.5642857142857143
185 0.5642857142857143
222 0.5642857142857143
235 0.5642857142857143
265 0.5642857142857143
290 0.5642857142857143
291 0.5642857142857143
303 0.5642857142857143
305 0.5642857142857143
315 0.5642857142857143
20 0.5571428571428572
111 0.5571428571428572
132 0.5571428571428572
149 0.5571428571428572
180 0.5571428571428572
205 0.5571428571428572
249 0.5571428571428572
259 0.5571428571428572
314 0.5571428571428572
346 0.5571428571428572
353 0.5571428571428572
363 0.5571428571428572
4 0.55
59 0.55
105 0.55
210 0.55
251 0.55
256 0.55
274 0.55
283 0.55
310 0.55
381 0.55
384 0.55
386 0.55
33 0.5499999999999999
252 0.5499999999999999
287 0.5499999999999999
397 0.5499999999999999
103 0.5428571428571429
317 0.5428571428571429
215 0.5428571428571428
267 0.5428571428571428
299 0.5428571428571428
389 0.5428571428571428
394 0.5428571428571428
16 0.5357142857142858
41 0.5357142857142858
52 0.5357142857142858
174 0.5357142857142857
221 0.5357142857142857
322 0.5357142857142857
329 0.5357142857142857
354 0.5357142857142857
399 0.5357142857142857
80 0.5285714285714287
61 0.5285714285714286
121 0.5285714285714286
166 0.5285714285714286
181 0.5285714285714286
202 0.5285714285714286
217 0.5285714285714286
220 0.5285714285714286
278 0.5285714285714286
337 0.5285714285714286
369 0.5285714285714286
388 0.5285714285714286
169 0.5285714285714285
3 0.5214285714285715
5 0.5214285714285715
45 0.5214285714285715
79 0.5214285714285715
109 0.5214285714285715
165 0.5214285714285715
186 0.5214285714285715
236 0.5214285714285715
268 0.5214285714285715
328 0.5214285714285715
129 0.5214285714285714
104 0.5142857142857143
122 0.5142857142857143
13 0.5142857142857142
214 0.5142857142857142
357 0.5142857142857142
42 0.5071428571428572
387 0.5071428571428572
12 0.5071428571428571
398 0.5071428571428571
286 0.507142857142857
156 0.5
229 0.4928571428571429
187 0.4928571428571428
18 0.48571428571428577
327 0.48571428571428577
332 0.48571428571428577
98 0.4857142857142857
56 0.47857142857142865
275 0.4785714285714286
307 0.47857142857142854
345 0.45714285714285713
323 0.45000000000000007
324 0.4428571428571429
240 0.4142857142857143
