7 0.85
88 0.8214285714285714
117 0.8142857142857142
157 0.8071428571428572
261 0.8071428571428572
118 0.8
65 0.7999999999999999
125 0.7999999999999999
368 0.7999999999999999
247 0.7857142857142857
263 0.7857142857142857
24 0.7714285714285715
36 0.7714285714285715
223 0.7714285714285715
224 0.7714285714285715
110 0.7642857142857142
218 0.7642857142857142
270 0.7642857142857142
8 0.7571428571428572
170 0.7571428571428572
293 0.7571428571428572
114 0.7571428571428571
162 0.7571428571428571
280 0.7571428571428571
19 0.75
35 0.75
163 0.75
167 0.75
27 0.7428571428571429
197 0.7428571428571429
206 0.7428571428571429
177 0.7428571428571428
120 0.7357142857142858
128 0.7357142857142857
312 0.7357142857142857
90 0.7285714285714286
127 0.7285714285714286
379 0.7285714285714286
17 0.7285714285714285
37 0.7285714285714285
47 0.7285714285714285
102 0.7285714285714285
208 0.7285714285714285
211 0.7285714285714285
239 0.7285714285714285
347 0.7285714285714285
11 0.7285714285714284
14 0.7214285714285715
279 0.7214285714285715
82 0.7214285714285714
134 0.7214285714285714
153 0.7214285714285714
392 0.7214285714285714
23 0.7142857142857143
28 0.7142857142857143
101 0.7142857142857143
115 0.7142857142857143
237 0.7142857142857143
243 0.7142857142857143
254 0.7142857142857143
383 0.7142857142857143
171 0.7071428571428573
2 0.7071428571428572
95 0.7071428571428572
207 0.7071428571428572
255 0.7071428571428572
375 0.7071428571428572
68 0.7000000000000002
173 0.7000000000000001
242 0.7000000000000001
348 0.7000000000000001
372 0.7000000000000001
91 0.7
195 0.7
306 0.7
343 0.7
319 0.692857142857143
338 0.692857142857143
96 0.6928571428571428
142 0.6928571428571428
146 0.6928571428571428
201 0.6928571428571428
250 0.6928571428571428
335 0.6928571428571428
355 0.6928571428571428
198 0.6857142857142858
272 0.6857142857142858
46 0.6857142857142857
48 0.6857142857142857
123 0.6857142857142857
183 0.6857142857142857
225 0.6857142857142857
262 0.6857142857142857
281 0.6857142857142857
318 0.6857142857142857
342 0.6857142857142857
106 0.6785714285714287
6 0.6785714285714286
94 0.6785714285714286
172 0.6785714285714286
203 0.6785714285714286
233 0.6785714285714286
258 0.6785714285714286
269 0.6785714285714286
284 0.6785714285714286
289 0.6785714285714286
359 0.6785714285714286
370 0.6785714285714286
382 0.6785714285714286
44 0.6785714285714285
26 0.6714285714285715
78 0.6714285714285715
124 0.6714285714285715
154 0.6714285714285715
358 0.6714285714285715
380 0.6714285714285715
139 0.6714285714285714
150 0.6714285714285714
246 0.6714285714285714
333 0.6714285714285714
39 0.6642857142857144
43 0.6642857142857144
93 0.6642857142857144
231 0.6642857142857144
248 0.6642857142857144
266 0.6642857142857144
326 0.6642857142857144
15 0.6642857142857143
73 0.6642857142857143
300 0.6642857142857143
351 0.6642857142857143
377 0.6642857142857143
84 0.6571428571428573
219 0.6571428571428573
292 0.6571428571428573
361 0.6571428571428573
107 0.6571428571428571
234 0.6571428571428571
294 0.6571428571428571
304 0.6571428571428571
344 0.6571428571428571
365 0.6571428571428571
74 0.6500000000000001
5 0.65
25 0.65
54 0.65
76 0.65
77 0.65
135 0.65
168 0.65
182 0.65
232 0.65
316 0.65
356 0.65
366 0.65
369 0.65
334 0.642857142857143
53 0.6428571428571429
64 0.6428571428571429
98 0.6428571428571429
108 0.6428571428571429
137 0.6428571428571429
159 0.6428571428571429
212 0.6428571428571429
276 0.6428571428571429
349 0.6428571428571429
374 0.6428571428571429
376 0.6428571428571429
390 0.6428571428571429
31 0.6357142857142858
89 0.6357142857142858
100 0.6357142857142858
178 0.6357142857142858
185 0.6357142857142858
264 0.6357142857142858
273 0.6357142857142858
308 0.6357142857142858
320 0.6357142857142858
364 0.6357142857142858
144 0.6357142857142856
0 0.6285714285714287
55 0.6285714285714287
75 0.6285714285714287
87 0.6285714285714287
158 0.6285714285714287
179 0.6285714285714287
253 0.6285714285714287
325 0.6285714285714287
340 0.6285714285714287
71 0.6285714285714284
119 0.6285714285714284
192 0.6285714285714284
371 0.6285714285714284
41 0.6214285714285716
133 0.6214285714285716
147 0.6214285714285716
152 0.6214285714285716
260 0.6214285714285716
301 0.6214285714285716
352 0.6214285714285716
83 0.6214285714285713
164 0.6214285714285713
166 0.6214285714285713
337 0.6214285714285713
130 0.6142857142857144
311 0.6142857142857144
131 0.6142857142857142
151 0.6142857142857142
161 0.6142857142857142
199 0.6142857142857142
215 0.6142857142857142
226 0.6142857142857142
285 0.6142857142857142
298 0.6142857142857142
339 0.6142857142857142
354 0.6142857142857142
362 0.6142857142857142
384 0.6142857142857142
38 0.6071428571428571
66 0.6071428571428571
72 0.6071428571428571
113 0.6071428571428571
140 0.6071428571428571
188 0.6071428571428571
191 0.6071428571428571
196 0.6071428571428571
213 0.6071428571428571
227 0.6071428571428571
230 0.6071428571428571
244 0.6071428571428571
283 0.6071428571428571
286 0.6071428571428571
290 0.6071428571428571
307 0.6071428571428571
313 0.6071428571428571
315 0.6071428571428571
331 0.6071428571428571
367 0.6071428571428571
395 0.6071428571428571
399 0.6071428571428571
22 0.6
80 0.6
99 0.6
112 0.6
129 0.6
132 0.6
160 0.6
165 0.6
181 0.6
210 0.6
259 0.6
278 0.6
357 0.6
363 0.6
396 0.6
10 0.5999999999999999
30 0.5999999999999999
52 0.5999999999999999
216 0.5999999999999999
360 0.5999999999999999
4 0.5928571428571429
33 0.5928571428571429
70 0.5928571428571429
81 0.5928571428571429
174 0.5928571428571429
241 0.5928571428571429
245 0.5928571428571429
282 0.5928571428571429
330 0.5928571428571429
385 0.5928571428571429
34 0.5928571428571427
194 0.5928571428571427
393 0.5928571428571427
85 0.5857142857142857
378 0.5857142857142857
1 0.5857142857142856
16 0.5857142857142856
57 0.5857142857142856
62 0.5857142857142856
69 0.5857142857142856
97 0.5857142857142856
111 0.5857142857142856
141 0.5857142857142856
200 0.5857142857142856
265 0.5857142857142856
389 0.5857142857142856
397 0.5857142857142856
58 0.5785714285714286
217 0.5785714285714286
220 0.5785714285714286
32 0.5785714285714285
50 0.5785714285714285
63 0.5785714285714285
103 0.5785714285714285
104 0.5785714285714285
205 0.5785714285714285
291 0.5785714285714285
299 0.5785714285714285
309 0.5785714285714285
9 0.5714285714285714
67 0.5714285714285714
116 0.5714285714285714
121 0.5714285714285714
143 0.5714285714285714
149 0.5714285714285714
175 0.5714285714285714
176 0.5714285714285714
287 0.5714285714285714
302 0.5714285714285714
305 0.5714285714285714
317 0.5714285714285714
321 0.5714285714285714
341 0.5714285714285714
346 0.5714285714285714
18 0.5642857142857143
21 0.5642857142857143
42 0.5642857142857143
92 0.5642857142857143
109 0.5642857142857143
136 0.5642857142857143
222 0.5642857142857143
295 0.5642857142857143
297 0.5642857142857143
322 0.5642857142857143
202 0.5642857142857142
49 0.5571428571428572
148 0.5571428571428572
186 0.5571428571428572
189 0.5571428571428572
214 0.5571428571428572
228 0.5571428571428572
235 0.5571428571428572
303 0.5571428571428572
314 0.5571428571428572
381 0.5571428571428572
391 0.5571428571428572
29 0.557142857142857
156 0.55
184 0.55
267 0.55
277 0.55
288 0.55
310 0.55
353 0.55
394 0.55
169 0.5428571428571429
238 0.5428571428571429
336 0.5428571428571429
373 0.5428571428571429
51 0.5428571428571428
61 0.5428571428571428
86 0.5357142857142858
251 0.5357142857142858
327 0.5357142857142858
40 0.5357142857142857
59 0.5357142857142857
204 0.5357142857142857
221 0.5357142857142857
257 0.5357142857142857
296 0.5357142857142857
386 0.5357142857142857
12 0.5285714285714286
387 0.5285714285714286
20 0.5214285714285716
45 0.5214285714285715
229 0.5214285714285715
249 0.5214285714285715
268 0.5214285714285715
145 0.5142857142857143
180 0.5142857142857143
328 0.5142857142857143
350 0.5142857142857143
193 0.5142857142857142
138 0.5071428571428572
209 0.5071428571428572
329 0.5071428571428572
323 0.5071428571428571
332 0.5071428571428571
190 0.5000000000000001
398 0.5000000000000001
271 0.5
13 0.4928571428571429
60 0.4928571428571429
126 0.4928571428571429
274 0.4928571428571429
105 0.4928571428571428
155 0.4928571428571428
236 0.48571428571428577
256 0.4857142857142857
79 0.47857142857142865
122 0.4785714285714286
252 0.4785714285714286
275 0.4785714285714286
324 0.4714285714285715
240 0.4714285714285714
56 0.4642857142857143
388 0.45714285714285713
3 0.45
345 0.4357142857142858
187 0.40714285714285714
