261 0.85
125 0.8428571428571427
117 0.8357142857142856
246 0.8142857142857143
263 0.8071428571428572
270 0.8
338 0.7999999999999999
68 0.7928571428571428
218 0.7928571428571428
110 0.7857142857142857
88 0.7857142857142856
223 0.7785714285714287
206 0.7785714285714286
7 0.7714285714285715
224 0.7714285714285715
90 0.7714285714285714
243 0.7714285714285714
255 0.7714285714285714
262 0.7642857142857143
368 0.7642857142857142
374 0.7642857142857142
340 0.7500000000000001
11 0.75
201 0.75
154 0.742857142857143
65 0.7428571428571429
127 0.7428571428571429
247 0.7428571428571429
82 0.7428571428571428
23 0.7357142857142858
39 0.7357142857142858
272 0.7357142857142858
319 0.7357142857142858
25 0.7357142857142857
97 0.7357142857142857
198 0.7357142857142857
312 0.7357142857142857
118 0.7285714285714286
167 0.7285714285714286
2 0.7285714285714285
172 0.7285714285714285
316 0.7285714285714285
351 0.7285714285714285
355 0.7285714285714285
396 0.7285714285714285
325 0.7214285714285715
242 0.7214285714285714
258 0.7214285714285714
342 0.7214285714285714
157 0.7142857142857144
46 0.7142857142857143
102 0.7142857142857143
120 0.7142857142857143
161 0.7142857142857143
380 0.7142857142857143
173 0.7142857142857142
383 0.7142857142857142
35 0.7071428571428572
67 0.7071428571428572
128 0.7071428571428572
114 0.7071428571428571
203 0.7071428571428571
333 0.7071428571428571
14 0.7000000000000001
36 0.7000000000000001
280 0.7000000000000001
293 0.7000000000000001
300 0.7000000000000001
347 0.7000000000000001
28 0.7
254 0.7
382 0.7
96 0.692857142857143
234 0.692857142857143
250 0.692857142857143
306 0.692857142857143
311 0.692857142857143
313 0.692857142857143
385 0.692857142857143
47 0.6928571428571428
74 0.6928571428571428
92 0.6928571428571428
123 0.6928571428571428
276 0.6928571428571428
318 0.6928571428571428
19 0.6857142857142858
94 0.6857142857142857
170 0.6857142857142857
177 0.6857142857142857
219 0.6857142857142857
301 0.6857142857142857
348 0.6857142857142857
144 0.6785714285714287
73 0.6785714285714286
84 0.6785714285714286
137 0.6785714285714286
153 0.6785714285714286
208 0.6785714285714286
217 0.6785714285714286
239 0.6785714285714286
308 0.6785714285714286
24 0.6785714285714285
119 0.6785714285714285
54 0.6714285714285715
57 0.6714285714285715
163 0.6714285714285715
182 0.6714285714285715
192 0.6714285714285715
211 0.6714285714285715
225 0.6714285714285715
314 0.6714285714285715
321 0.6714285714285715
64 0.6714285714285714
279 0.6714285714285714
326 0.6714285714285714
357 0.6714285714285714
15 0.6642857142857144
41 0.6642857142857144
50 0.6642857142857144
95 0.6642857142857144
134 0.6642857142857144
158 0.6642857142857144
253 0.6642857142857144
273 0.6642857142857144
341 0.6642857142857144
344 0.6642857142857144
356 0.6642857142857144
43 0.6642857142857143
142 0.6642857142857143
237 0.6642857142857143
260 0.6642857142857143
358 0.6642857142857143
135 0.664285714285714
100 0.6571428571428573
230 0.6571428571428573
392 0.6571428571428573
78 0.6571428571428571
124 0.6571428571428571
131 0.6571428571428571
148 0.6571428571428571
166 0.6571428571428571
228 0.6571428571428571
266 0.6571428571428571
269 0.6571428571428571
292 0.6571428571428571
371 0.6571428571428571
130 0.6500000000000001
199 0.6500000000000001
303 0.6500000000000001
76 0.65
77 0.65
93 0.65
98 0.65
149 0.65
197 0.65
285 0.65
366 0.65
390 0.65
58 0.6428571428571429
103 0.6428571428571429
107 0.6428571428571429
116 0.6428571428571429
146 0.6428571428571429
160 0.6428571428571429
164 0.6428571428571429
220 0.6428571428571429
339 0.6428571428571429
343 0.6428571428571429
30 0.6357142857142858
61 0.6357142857142858
108 0.6357142857142858
183 0.6357142857142858
189 0.6357142857142858
202 0.6357142857142858
241 0.6357142857142858
294 0.6357142857142858
334 0.6357142857142858
8 0.6357142857142856
71 0.6357142857142856
317 0.6357142857142856
379 0.6357142857142856
0 0.6285714285714287
9 0.6285714285714287
44 0.6285714285714287
63 0.6285714285714287
87 0.6285714285714287
99 0.6285714285714287
168 0.6285714285714287
320 0.6285714285714287
359 0.6285714285714287
367 0.6285714285714287
375 0.6285714285714287
377 0.6285714285714287
391 0.6285714285714287
395 0.6285714285714287
399 0.6285714285714287
91 0.6285714285714284
267 0.6285714285714284
289 0.6285714285714284
296 0.6285714285714284
29 0.6214285714285716
31 0.6214285714285716
171 0.6214285714285716
222 0.6214285714285716
249 0.6214285714285716
284 0.6214285714285716
85 0.6214285714285713
141 0.6214285714285713
200 0.6214285714285713
207 0.6214285714285713
231 0.6214285714285713
376 0.6214285714285713
33 0.6142857142857144
152 0.6142857142857144
196 0.6142857142857144
27 0.6142857142857142
66 0.6142857142857142
79 0.6142857142857142
89 0.6142857142857142
178 0.6142857142857142
213 0.6142857142857142
233 0.6142857142857142
238 0.6142857142857142
291 0.6142857142857142
335 0.6142857142857142
346 0.6142857142857142
349 0.6142857142857142
363 0.6142857142857142
387 0.6071428571428573
26 0.6071428571428571
37 0.6071428571428571
49 0.6071428571428571
101 0.6071428571428571
104 0.6071428571428571
140 0.6071428571428571
147 0.6071428571428571
150 0.6071428571428571
185 0.6071428571428571
190 0.6071428571428571
257 0.6071428571428571
297 0.6071428571428571
330 0.6071428571428571
364 0.6071428571428571
38 0.607142857142857
212 0.6000000000000002
4 0.6
48 0.6
83 0.6
139 0.6
195 0.6
264 0.6
302 0.6
329 0.6
22 0.5999999999999999
322 0.5999999999999999
69 0.5928571428571429
75 0.5928571428571429
115 0.5928571428571429
151 0.5928571428571429
159 0.5928571428571429
162 0.5928571428571429
169 0.5928571428571429
191 0.5928571428571429
210 0.5928571428571429
304 0.5928571428571429
315 0.5928571428571429
336 0.5928571428571429
373 0.5928571428571429
397 0.5928571428571429
34 0.5928571428571427
133 0.5928571428571427
179 0.5928571428571427
226 0.5928571428571427
281 0.5928571428571427
62 0.5857142857142857
181 0.5857142857142857
299 0.5857142857142857
3 0.5857142857142856
6 0.5857142857142856
216 0.5857142857142856
227 0.5857142857142856
271 0.5857142857142856
328 0.5857142857142856
337 0.5857142857142856
184 0.5785714285714286
186 0.5785714285714286
245 0.5785714285714286
18 0.5785714285714285
21 0.5785714285714285
81 0.5785714285714285
235 0.5785714285714285
287 0.5785714285714285
331 0.5785714285714285
352 0.5785714285714285
360 0.5785714285714285
365 0.5785714285714285
393 0.5785714285714285
180 0.5785714285714284
10 0.5714285714285714
16 0.5714285714285714
32 0.5714285714285714
53 0.5714285714285714
106 0.5714285714285714
113 0.5714285714285714
121 0.5714285714285714
155 0.5714285714285714
232 0.5714285714285714
248 0.5714285714285714
283 0.5714285714285714
309 0.5714285714285714
370 0.5714285714285714
384 0.5714285714285714
1 0.5642857142857143
111 0.5642857142857143
188 0.5642857142857143
205 0.5642857142857143
277 0.5642857142857143
282 0.5642857142857143
295 0.5642857142857143
378 0.5642857142857143
165 0.5642857142857142
136 0.5571428571428572
215 0.5571428571428572
221 0.5571428571428572
244 0.5571428571428572
361 0.5571428571428572
372 0.5571428571428572
386 0.5571428571428572
398 0.5571428571428572
129 0.557142857142857
40 0.55
42 0.55
72 0.55
143 0.55
145 0.55
156 0.55
194 0.55
268 0.55
288 0.55
298 0.55
307 0.55
369 0.55
193 0.5499999999999999
80 0.5428571428571429
112 0.5428571428571429
229 0.5428571428571429
265 0.5428571428571429
323 0.5428571428571429
176 0.5428571428571428
274 0.5428571428571428
353 0.5428571428571428
13 0.5357142857142858
51 0.5357142857142857
52 0.5357142857142857
70 0.5357142857142857
138 0.5357142857142857
175 0.5357142857142857
187 0.5357142857142857
214 0.5357142857142857
17 0.5357142857142856
12 0.5285714285714286
20 0.5285714285714286
259 0.5285714285714286
290 0.5285714285714286
354 0.5285714285714286
381 0.5285714285714286
209 0.5214285714285715
256 0.5214285714285715
362 0.5214285714285715
59 0.5142857142857143
60 0.5142857142857143
109 0.5142857142857143
126 0.5142857142857143
122 0.5142857142857142
174 0.5142857142857142
236 0.5142857142857142
55 0.5071428571428571
86 0.5071428571428571
105 0.5071428571428571
327 0.5071428571428571
394 0.5071428571428571
5 0.5
45 0.5
305 0.5
389 0.5
132 0.49999999999999994
286 0.4928571428571429
332 0.4928571428571429
204 0.48571428571428577
388 0.4785714285714286
310 0.47857142857142854
350 0.47857142857142854
252 0.47142857142857153
324 0.4714285714285714
56 0.4642857142857143
251 0.4571428571428572
278 0.45000000000000007
345 0.45
275 0.4428571428571429
240 0.42857142857142866
