118 0.85
117 0.8357142857142856
7 0.8285714285714286
88 0.8142857142857143
125 0.8142857142857143
36 0.8071428571428572
218 0.807142857142857
247 0.807142857142857
270 0.7928571428571428
368 0.7928571428571428
28 0.7857142857142857
46 0.7857142857142857
261 0.7857142857142857
206 0.7857142857142856
35 0.7785714285714286
293 0.7785714285714286
65 0.7714285714285715
134 0.7714285714285714
223 0.7642857142857143
246 0.7642857142857143
255 0.7642857142857143
74 0.7642857142857142
263 0.7642857142857142
312 0.7642857142857142
146 0.7571428571428571
320 0.7571428571428571
224 0.75
239 0.75
19 0.7357142857142858
96 0.7357142857142858
120 0.7357142857142858
198 0.7285714285714286
289 0.7285714285714286
201 0.7285714285714285
242 0.7285714285714285
276 0.7285714285714285
343 0.7285714285714285
380 0.7285714285714285
272 0.7214285714285715
392 0.7214285714285715
82 0.7214285714285714
161 0.7214285714285714
234 0.7214285714285714
254 0.7214285714285714
110 0.7214285714285713
171 0.7142857142857144
266 0.7142857142857143
280 0.7142857142857143
356 0.7142857142857143
376 0.7142857142857143
23 0.7071428571428572
130 0.7071428571428572
182 0.7071428571428572
318 0.7071428571428572
342 0.7071428571428572
11 0.7000000000000001
77 0.7000000000000001
123 0.7000000000000001
170 0.7000000000000001
196 0.7000000000000001
292 0.7000000000000001
355 0.7000000000000001
374 0.7000000000000001
2 0.7
37 0.7
90 0.7
119 0.7
128 0.7
281 0.7
40 0.692857142857143
94 0.692857142857143
114 0.692857142857143
253 0.692857142857143
73 0.6928571428571428
157 0.6928571428571428
167 0.6928571428571428
258 0.6928571428571428
279 0.6928571428571428
340 0.6928571428571428
0 0.6857142857142858
14 0.6857142857142858
101 0.6857142857142857
102 0.6857142857142857
142 0.6857142857142857
173 0.6857142857142857
211 0.6857142857142857
230 0.6857142857142857
243 0.6857142857142857
381 0.6857142857142857
338 0.6857142857142856
93 0.6785714285714286
107 0.6785714285714286
127 0.6785714285714286
150 0.6785714285714286
192 0.6785714285714286
200 0.6785714285714286
205 0.6785714285714286
207 0.6785714285714286
213 0.6785714285714286
257 0.6785714285714286
325 0.6785714285714286
349 0.6785714285714286
358 0.6785714285714286
363 0.6785714285714286
319 0.6714285714285716
321 0.6714285714285716
25 0.6714285714285715
92 0.6714285714285715
106 0.6714285714285715
111 0.6714285714285715
212 0.6714285714285715
225 0.6714285714285715
396 0.6714285714285715
139 0.6714285714285714
197 0.6714285714285714
306 0.6714285714285714
54 0.6642857142857144
68 0.6642857142857144
84 0.6642857142857144
250 0.6642857142857144
262 0.6642857142857144
383 0.6642857142857144
64 0.6642857142857143
177 0.6642857142857143
163 0.6571428571428573
208 0.6571428571428573
27 0.6571428571428571
231 0.6571428571428571
237 0.6571428571428571
269 0.6571428571428571
326 0.6571428571428571
384 0.6571428571428571
390 0.6571428571428571
85 0.6500000000000001
303 0.6500000000000001
95 0.65
108 0.65
115 0.65
153 0.65
162 0.65
283 0.65
296 0.65
308 0.65
333 0.65
351 0.65
382 0.65
393 0.65
4 0.6428571428571429
8 0.6428571428571429
66 0.6428571428571429
154 0.6428571428571429
159 0.6428571428571429
172 0.6428571428571429
178 0.6428571428571429
185 0.6428571428571429
199 0.6428571428571429
311 0.6428571428571429
344 0.6428571428571429
352 0.6428571428571429
379 0.6428571428571429
26 0.6357142857142858
44 0.6357142857142858
103 0.6357142857142858
131 0.6357142857142858
144 0.6357142857142858
294 0.6357142857142858
341 0.6357142857142858
371 0.6357142857142858
219 0.6357142857142856
359 0.6357142857142856
375 0.6357142857142856
22 0.6285714285714287
34 0.6285714285714287
39 0.6285714285714287
76 0.6285714285714287
97 0.6285714285714287
100 0.6285714285714287
135 0.6285714285714287
137 0.6285714285714287
168 0.6285714285714287
183 0.6285714285714287
285 0.6285714285714287
300 0.6285714285714287
331 0.6285714285714287
361 0.6285714285714287
385 0.6285714285714287
69 0.6285714285714284
260 0.6285714285714284
314 0.6285714285714284
347 0.6285714285714284
372 0.6285714285714284
377 0.6285714285714284
399 0.6285714285714284
29 0.6214285714285716
43 0.6214285714285716
166 0.6214285714285716
195 0.6214285714285716
222 0.6214285714285716
366 0.6214285714285716
391 0.6214285714285716
15 0.6214285714285713
48 0.6214285714285713
149 0.6214285714285713
152 0.6214285714285713
217 0.6214285714285713
271 0.6214285714285713
334 0.6214285714285713
348 0.6214285714285713
395 0.6214285714285713
24 0.6142857142857144
49 0.6142857142857144
57 0.6142857142857144
67 0.6142857142857144
91 0.6142857142857144
133 0.6142857142857144
179 0.6142857142857144
202 0.6142857142857144
6 0.6142857142857142
20 0.6142857142857142
47 0.6142857142857142
226 0.6142857142857142
287 0.6142857142857142
288 0.6142857142857142
53 0.6071428571428571
55 0.6071428571428571
60 0.6071428571428571
63 0.6071428571428571
81 0.6071428571428571
99 0.6071428571428571
104 0.6071428571428571
112 0.6071428571428571
148 0.6071428571428571
155 0.6071428571428571
164 0.6071428571428571
203 0.6071428571428571
248 0.6071428571428571
277 0.6071428571428571
295 0.6071428571428571
301 0.6071428571428571
316 0.6071428571428571
339 0.6071428571428571
364 0.6071428571428571
124 0.6
143 0.6
228 0.6
313 0.6
330 0.6
357 0.6
13 0.5928571428571429
21 0.5928571428571429
30 0.5928571428571429
113 0.5928571428571429
282 0.5928571428571429
304 0.5928571428571429
309 0.5928571428571429
398 0.5928571428571429
71 0.5928571428571427
126 0.5928571428571427
232 0.5928571428571427
176 0.5857142857142857
264 0.5857142857142857
9 0.5857142857142856
105 0.5857142857142856
109 0.5857142857142856
151 0.5857142857142856
180 0.5857142857142856
227 0.5857142857142856
244 0.5857142857142856
317 0.5857142857142856
329 0.5857142857142856
50 0.5785714285714286
52 0.5785714285714286
58 0.5785714285714286
291 0.5785714285714286
360 0.5785714285714286
31 0.5785714285714285
33 0.5785714285714285
51 0.5785714285714285
62 0.5785714285714285
78 0.5785714285714285
141 0.5785714285714285
181 0.5785714285714285
221 0.5785714285714285
322 0.5785714285714285
370 0.5785714285714285
75 0.5714285714285715
233 0.5714285714285715
16 0.5714285714285714
61 0.5714285714285714
70 0.5714285714285714
83 0.5714285714285714
86 0.5714285714285714
89 0.5714285714285714
184 0.5714285714285714
241 0.5714285714285714
245 0.5714285714285714
286 0.5714285714285714
337 0.5714285714285714
346 0.5714285714285714
87 0.5642857142857144
290 0.5642857142857144
45 0.5642857142857143
174 0.5642857142857143
238 0.5642857142857143
265 0.5642857142857143
335 0.5642857142857143
362 0.5642857142857143
378 0.5642857142857143
389 0.5642857142857143
12 0.5571428571428572
116 0.5571428571428572
145 0.5571428571428572
147 0.5571428571428572
186 0.5571428571428572
188 0.5571428571428572
190 0.5571428571428572
191 0.5571428571428572
210 0.5571428571428572
249 0.5571428571428572
259 0.5571428571428572
267 0.5571428571428572
273 0.5571428571428572
284 0.5571428571428572
323 0.5571428571428572
328 0.5571428571428572
365 0.5571428571428572
367 0.5571428571428572
79 0.557142857142857
194 0.557142857142857
38 0.55
156 0.55
158 0.55
189 0.55
215 0.55
299 0.55
394 0.55
42 0.5499999999999999
165 0.5499999999999999
169 0.5499999999999999
268 0.5499999999999999
41 0.5428571428571429
327 0.5428571428571429
132 0.5428571428571428
175 0.5428571428571428
315 0.5428571428571428
80 0.5357142857142858
229 0.5357142857142858
252 0.5357142857142858
354 0.5357142857142858
17 0.5357142857142857
129 0.5357142857142857
138 0.5357142857142857
204 0.5357142857142857
236 0.5357142857142857
274 0.5357142857142857
350 0.5357142857142857
353 0.5357142857142857
397 0.5357142857142857
32 0.5285714285714287
10 0.5285714285714286
72 0.5285714285714286
216 0.5285714285714286
220 0.5285714285714286
297 0.5285714285714286
302 0.5285714285714286
386 0.5285714285714286
18 0.5214285714285715
59 0.5214285714285715
121 0.5214285714285715
140 0.5214285714285715
235 0.5214285714285715
387 0.5214285714285715
388 0.5214285714285715
305 0.5214285714285714
209 0.5142857142857143
256 0.5142857142857143
310 0.5142857142857143
1 0.5071428571428572
298 0.5071428571428572
373 0.5071428571428572
5 0.5071428571428571
214 0.5071428571428571
336 0.5071428571428571
193 0.507142857142857
160 0.5000000000000001
122 0.5
278 0.5
307 0.5
136 0.4857142857142857
3 0.4785714285714286
251 0.4714285714285714
369 0.4714285714285714
275 0.4642857142857143
324 0.4642857142857143
56 0.4571428571428572
332 0.4571428571428572
240 0.45000000000000007
187 0.43571428571428567
98 0.4142857142857143
345 0.40714285714285714
