125 0.8857142857142858
88 0.8642857142857144
117 0.8142857142857142
261 0.8071428571428573
263 0.8071428571428572
11 0.807142857142857
247 0.7999999999999999
7 0.7928571428571428
270 0.7928571428571428
218 0.7857142857142857
368 0.7857142857142857
69 0.7642857142857143
223 0.7642857142857143
279 0.7642857142857143
74 0.7642857142857142
90 0.7642857142857142
114 0.7642857142857142
177 0.7642857142857142
118 0.7571428571428572
348 0.7571428571428572
28 0.75
123 0.75
128 0.75
206 0.75
392 0.7499999999999999
2 0.7428571428571429
68 0.7428571428571429
224 0.7428571428571429
127 0.7428571428571428
255 0.7428571428571428
333 0.7428571428571428
35 0.7357142857142858
65 0.7357142857142858
94 0.7357142857142858
110 0.7357142857142858
306 0.7357142857142858
382 0.7357142857142858
57 0.7357142857142857
243 0.7357142857142857
95 0.7285714285714286
242 0.7285714285714286
82 0.7285714285714285
239 0.7285714285714285
276 0.7285714285714285
342 0.7285714285714285
343 0.7285714285714285
355 0.7285714285714285
375 0.7285714285714285
262 0.7214285714285715
272 0.7214285714285715
102 0.7214285714285714
120 0.7214285714285714
130 0.7214285714285714
237 0.7214285714285714
269 0.7214285714285714
316 0.7214285714285714
170 0.7142857142857144
25 0.7142857142857143
101 0.7142857142857143
201 0.7142857142857143
213 0.7142857142857143
359 0.7142857142857142
134 0.7071428571428573
23 0.7071428571428572
66 0.7071428571428572
157 0.7071428571428572
171 0.7071428571428572
280 0.7071428571428572
338 0.7071428571428572
379 0.7071428571428572
246 0.7071428571428571
250 0.7071428571428571
27 0.7
167 0.7
266 0.7
293 0.7
311 0.7
207 0.692857142857143
64 0.6928571428571428
77 0.6928571428571428
162 0.6928571428571428
185 0.6928571428571428
318 0.6928571428571428
89 0.6928571428571427
260 0.6857142857142858
319 0.6857142857142858
6 0.6857142857142857
84 0.6857142857142857
107 0.6857142857142857
344 0.6857142857142857
37 0.6857142857142856
234 0.6785714285714287
36 0.6785714285714286
96 0.6785714285714286
149 0.6785714285714286
192 0.6785714285714286
198 0.6785714285714286
211 0.6785714285714286
312 0.6785714285714286
340 0.6785714285714286
366 0.6785714285714286
15 0.6714285714285715
20 0.6714285714285715
172 0.6714285714285715
203 0.6714285714285715
208 0.6714285714285715
230 0.6714285714285715
284 0.6714285714285715
76 0.6642857142857144
113 0.6642857142857144
137 0.6642857142857144
144 0.6642857142857144
197 0.6642857142857144
258 0.6642857142857144
303 0.6642857142857144
399 0.6642857142857144
14 0.6642857142857143
22 0.6642857142857143
380 0.6642857142857143
112 0.6571428571428573
135 0.6571428571428573
147 0.6571428571428573
159 0.6571428571428573
296 0.6571428571428573
300 0.6571428571428573
19 0.6571428571428571
54 0.6571428571428571
92 0.6571428571428571
97 0.6571428571428571
195 0.6571428571428571
219 0.6571428571428571
227 0.6571428571428571
285 0.6571428571428571
325 0.6571428571428571
383 0.6571428571428571
55 0.65
106 0.65
116 0.65
146 0.65
150 0.65
186 0.65
193 0.65
347 0.65
374 0.65
376 0.65
73 0.642857142857143
173 0.642857142857143
8 0.6428571428571429
9 0.6428571428571429
39 0.6428571428571429
46 0.6428571428571429
99 0.6428571428571429
111 0.6428571428571429
153 0.6428571428571429
154 0.6428571428571429
168 0.6428571428571429
182 0.6428571428571429
188 0.6428571428571429
200 0.6428571428571429
222 0.6428571428571429
238 0.6428571428571429
254 0.6428571428571429
267 0.6428571428571429
281 0.6428571428571429
289 0.6428571428571429
331 0.6428571428571429
339 0.6428571428571429
377 0.6428571428571429
395 0.6428571428571429
24 0.6357142857142858
136 0.6357142857142858
43 0.6357142857142856
225 0.6357142857142856
58 0.6285714285714287
70 0.6285714285714287
93 0.6285714285714287
109 0.6285714285714287
115 0.6285714285714287
244 0.6285714285714287
248 0.6285714285714287
314 0.6285714285714287
320 0.6285714285714287
352 0.6285714285714287
356 0.6285714285714287
16 0.6285714285714284
30 0.6285714285714284
44 0.6285714285714284
133 0.6285714285714284
161 0.6285714285714284
351 0.6285714285714284
34 0.6214285714285716
85 0.6214285714285716
91 0.6214285714285716
131 0.6214285714285716
166 0.6214285714285716
384 0.6214285714285716
1 0.6214285714285713
62 0.6214285714285713
81 0.6214285714285713
233 0.6214285714285713
241 0.6214285714285713
282 0.6214285714285713
290 0.6214285714285713
297 0.6214285714285713
299 0.6214285714285713
363 0.6214285714285713
371 0.6214285714285713
372 0.6214285714285713
119 0.6142857142857144
143 0.6142857142857144
158 0.6142857142857144
189 0.6142857142857144
78 0.6142857142857142
104 0.6142857142857142
142 0.6142857142857142
308 0.6142857142857142
326 0.6142857142857142
29 0.6071428571428571
48 0.6071428571428571
50 0.6071428571428571
83 0.6071428571428571
141 0.6071428571428571
164 0.6071428571428571
178 0.6071428571428571
199 0.6071428571428571
287 0.6071428571428571
292 0.6071428571428571
329 0.6071428571428571
357 0.6071428571428571
361 0.6071428571428571
390 0.6071428571428571
4 0.607142857142857
335 0.607142857142857
67 0.6
75 0.6
103 0.6
148 0.6
163 0.6
183 0.6
231 0.6
273 0.6
321 0.6
349 0.6
301 0.5999999999999999
365 0.5999999999999999
21 0.5928571428571429
87 0.5928571428571429
179 0.5928571428571429
249 0.5928571428571429
253 0.5928571428571429
256 0.5928571428571429
304 0.5928571428571429
0 0.5928571428571427
129 0.5928571428571427
216 0.5928571428571427
232 0.5928571428571427
100 0.5857142857142857
191 0.5857142857142857
194 0.5857142857142857
259 0.5857142857142857
385 0.5857142857142857
139 0.5857142857142856
221 0.5857142857142856
265 0.5857142857142856
313 0.5857142857142856
330 0.5857142857142856
5 0.5785714285714286
278 0.5785714285714286
364 0.5785714285714286
38 0.5785714285714285
138 0.5785714285714285
160 0.5785714285714285
174 0.5785714285714285
212 0.5785714285714285
257 0.5785714285714285
353 0.5785714285714285
358 0.5785714285714285
362 0.5785714285714285
291 0.5714285714285715
10 0.5714285714285714
26 0.5714285714285714
31 0.5714285714285714
47 0.5714285714285714
49 0.5714285714285714
71 0.5714285714285714
79 0.5714285714285714
190 0.5714285714285714
264 0.5714285714285714
295 0.5714285714285714
305 0.5714285714285714
309 0.5714285714285714
334 0.5714285714285714
337 0.5714285714285714
145 0.5642857142857144
271 0.5642857142857144
53 0.5642857142857143
176 0.5642857142857143
180 0.5642857142857143
217 0.5642857142857143
274 0.5642857142857143
277 0.5642857142857143
315 0.5642857142857143
317 0.5642857142857143
324 0.5642857142857143
354 0.5642857142857143
387 0.5642857142857143
13 0.5571428571428572
17 0.5571428571428572
18 0.5571428571428572
72 0.5571428571428572
80 0.5571428571428572
121 0.5571428571428572
124 0.5571428571428572
126 0.5571428571428572
152 0.5571428571428572
215 0.5571428571428572
220 0.5571428571428572
226 0.5571428571428572
346 0.5571428571428572
370 0.5571428571428572
396 0.5571428571428572
398 0.5571428571428572
61 0.557142857142857
196 0.557142857142857
202 0.557142857142857
214 0.557142857142857
86 0.55
132 0.55
156 0.55
165 0.55
205 0.55
283 0.55
286 0.55
187 0.5499999999999999
235 0.5499999999999999
288 0.5499999999999999
298 0.5499999999999999
389 0.5499999999999999
155 0.5428571428571429
245 0.5428571428571429
328 0.5428571428571429
391 0.5428571428571429
52 0.5428571428571428
60 0.5428571428571428
108 0.5428571428571428
184 0.5428571428571428
275 0.5428571428571428
294 0.5428571428571428
341 0.5428571428571428
393 0.5428571428571428
322 0.5357142857142858
42 0.5357142857142857
151 0.5357142857142857
228 0.5357142857142857
373 0.5357142857142857
63 0.5285714285714286
105 0.5285714285714286
140 0.5285714285714286
181 0.5285714285714286
323 0.5285714285714286
367 0.5285714285714286
381 0.5285714285714286
388 0.5285714285714286
397 0.5285714285714286
394 0.5214285714285716
12 0.5214285714285715
40 0.5214285714285715
51 0.5214285714285715
169 0.5214285714285715
332 0.5214285714285715
386 0.5214285714285715
59 0.5214285714285714
236 0.5142857142857143
336 0.5142857142857143
350 0.5142857142857143
32 0.5071428571428572
41 0.5071428571428572
98 0.5071428571428572
302 0.5071428571428572
3 0.5071428571428571
251 0.5071428571428571
378 0.5071428571428571
45 0.5000000000000001
210 0.49999999999999994
229 0.4928571428571429
327 0.48571428571428577
369 0.4857142857142857
307 0.47857142857142865
240 0.4785714285714286
56 0.47857142857142854
360 0.47857142857142854
33 0.46428571428571436
204 0.4642857142857143
310 0.4642857142857143
175 0.4571428571428572
268 0.4571428571428572
209 0.45
122 0.4428571428571429
252 0.42857142857142855
345 0.37142857142857144
